PP <- structure(c(3989474L, 3889980L, NA, 3868901L, 3685437L, 3436813L, 
                  3724558L, 3577348L, 3018853L, 3363222L, NA, 4034264L, 4179053L, 
                  4475013L, 4469308L, 4470597L, 2007371L, 1900850L, NA, 1830811L, 
                  1596741L, 1307570L, 1121580L, 935573L, 1119977L, 1207340L, NA, 
                  1070310L, 1144558L, 1179263L, 1167755L, 1147467L, 289750L, 305310L, 
                  NA, 331796L, 329445L, 333964L, 327116L, 327653L, 162935L, 255123L, 
                  NA, 102332L, 68132L, 132036L, 123308L, 131795L), .Dim = c(8L, 
                                                                            6L), .Dimnames = list(NULL, c("Contraception", "STD.Test.Treat", 
                                                                                                          "Cancer.Screen", "Preg.Prenat.Serv", "Abortion.Serv", "Other.Serv"
                                                                            )), .Tsp = c(2006, 2013, 1), class = c("mts", "ts"))